TP: 95
TN: 105
FP: 4
FN: 11

Precision: 0.9595959595959596
Recall: 0.8962264150943396
F1 score: 0.926829268292683