TP: 47
TN: 57
FP: 52
FN: 59

Precision: 0.47474747474747475
Recall: 0.44339622641509435
F1 score: 0.4585365853658537