TP: 43
TN: 62
FP: 47
FN: 63

Precision: 0.4777777777777778
Recall: 0.4056603773584906
F1 score: 0.4387755102040817