TP: 55
TN: 65
FP: 44
FN: 51

Precision: 0.5555555555555556
Recall: 0.5188679245283019
F1 score: 0.5365853658536586